56
65
50
63
65
51
50
41
50
45
53
50
49
55
30
67
56
63
41
52
40
46
64
46
40
61
55
50
60
49
57
50
54
50
48
55
52
45
49
50
52
62
57
57
55
49
57
58
47
52
64
46
49
61
62
50
48
57
42
49
50
61
39
62
67
80
88
90
80
90
66
97
85
87
77
75
65
76
79
76
78
50
77
67
89
81
76
74
74
65
61
59
90
93
54
63
70
75
54
53
42
47
57
57
40
53
62
83
78
79
69
76
79
54
65
72
54
53
70
51
57
66
57
54
47
58
34
47
34
48
48
43
52
47
57
74
44
43
52
34
37
46
44
28
46
67
60
72
73
65
60
70
68
58
60
58
73
70
74
68
74
62
71
57
58
52
27
57
59
63
61
54
61
45
52
64
64
30
53
50
62
20
16
9
15
24
17
36
24
19
18
19
9
27
33
32
33
46
45
68
33
46
43
18
23
33
39
31
51
47
49
36
23
19
50
40
14
21
36
28
15
17
5
13
30
35
29
25
43
23
15
38
33
33
27
28
16
28
13
40
43
4
49
35
24
13
35
36
43
50
52
35
68
32
28
42
58
24
38
34
41
45
28
47
59
32
34
47
50
49
36
31
36
44
32
47
36
31
32
46
43
12
44
22
16
51
38
38
25
22
28
33
11
34
28
45
22
35
35
27
29
35
30
18
40
3
11
37
27
38
17
29
28
43
34
31
21
34
20
39
18
88
79
94
83
63
65
67
62
67
26
67
51
58
61
66
67
38
50
54
60
70
58
61
52
69
43
52
60
61
58
34
42
54
52
68
47
67
52
62
60
48
58
73
58
53
47
50
53
53
72
59
57
77
46
59
57
59
63
63
66
58
62
81
72
61
63
70
69
60
59
52
69
66
56
62
75
63
59
53
76
75
78
63
40
63
65
63
57
64
42
26
52
45
64
67
56
82
65
36
33
56
42
32
49
26
45
22
59
39
55
31
49
55
49
47
47
37
52
72
26
60
47
43
15
44
47
56
49
39
47
54
53
21
63
52
41
49
55
53
37
32
49
50
68
59
68
52
55
67
56
72
66
59
61
49
34
46
53
76
46
61
82
61
54
54
59
77
48
66
55
69
52
58
61
56
47
33
55
27
72
47
65
50
49
52
40
33
57
60
47
35
32
33
49
60
53
54
48
63
42
46
55
55
41
66
40
31
62
34
46
52
70
48
41
47
54
27
43
49
45
51
27
45
